0||23464720 9 1001900
1||24404344 9 1001900
0||17702112 14 1001900
1||19799632 14 1001900
0||27204408 16 1001900
1||27638800 16 1001900
0||23404896 17 1001900
1||23460360 17 1001900
0||23283384 18 1001900
1||23325304 18 1001900
0||21937440 19 1001900
1||22090096 19 1001900
0||19554544 20 1988500
1||19591760 20 1988500
0||15207672 21 1988500
1||15270160 21 1988500
0||23770200 22 1988500
1||24065576 22 1988500
0||18510336 25 2997600
1||18770768 25 2997600
0||31833448 26 2997600
1||32256488 26 2997600
0||17109456 28 2997600
1||17182928 28 2997600
0||26004880 28 2997600
1||26073408 28 2997600
0||27254440 29 2997600
1||27332712 29 2997600
0||28923856 30 2997600
1||29003984 30 2997600
0||23973064 31 2997600
1||24096536 31 2997600
0||17341728 32 2997600
1||17434688 32 2997600
0||21539736 33 2997600
1||21859304 33 2997600
0||19856424 34 2997600
1||20171624 34 2997600
0||31483024 34 2997600
1||31809864 34 2997600
0||25124432 35 3997700
1||25165680 35 3997700
0||31560160 35 3997700
1||31599056 35 3997700
0||29191768 36 3997700
1||29266344 36 3997700
0||26253728 37 3997700
1||26445024 37 3997700
0||25501904 38 3997700
1||25669680 38 3997700
0||24078808 39 3997700
1||24172112 39 3997700
0||23675232 40 3997700
1||23836528 40 3997700
0||25120576 41 3997700
1||25213632 41 3997700
0||23989392 42 3997700
1||24118192 42 3997700
0||20273208 44 3997700
1||20436952 44 3997700
0||23296248 45 3997700
1||23525096 45 3997700
0||28504992 47 5003100
1||28750880 47 5003100
0||25288080 48 6006900
1||25396048 48 6006900
0||23579520 49 6006900
1||23693872 49 6006900
0||22579464 50 7006500
1||22691464 50 7006500
0||20426880 51 7006500
1||20657072 51 7006500
0||26778440 52 7006500
1||26953944 52 7006500
0||26802088 53 8005800
1||26937944 53 8005800
0||26336008 55 8005800
1||26519240 55 8005800
0||19987392 57 9009700
1||20417536 57 9009700
0||31745256 58 9009700
1||31983928 58 9009700
0||30632312 59 9009700
1||30725352 59 9009700
0||30584536 60 9009700
1||30775504 60 9009700
0||19745584 62 9009700
1||19892528 62 9009700
